8809
1242
9555
4600
7387
2233
6934
9808
424
657
6855
8778
8361
7147
7083
7604
5041
7358
9877
229
7883
7813
422
7374
7618
2958
9619
2359
3530
4853
7830
416
5452
3355
9676
4690
2500
5743
9220
9728
3992
9291
5084
3872
7909
9752
9862
3089
9186
2258
2633
2641
7741
4911
6947
5164
6519
9845
3421
9763
9989
3442
8483
7422
162
1215
2756
1226
9091
2781
3157
1491
1747
4453
8492
3311
4406
9417
7648
7573
8524
4790
4169
36
507
774
5919
470
315
9850
8764
7299
7323
7517
7496
8125
1626
1196
5642
9986
693
894
4027
9882
7341
8716
2243
9825
1655
2096
203
2954
2607
967
5154
2663
9789
9927
8858
7089
7642
1685
9650
7755
1410
6543
6889
5508
7096
7117
7827
144
2682
1
569
6848
5271
2674
7963
433
8849
9902
7528
1026
9368
9965
5605
504
2802
6688
400
4037
1306
8022
1401
311
8318
9657
9795
1580
9934
2207
4748
8470
2352
8357
6601
3709
8616
9740
5652
3970
2466
9751
1908
6581
5858
7959
6048
9085
2704
335
1872
7370
294
13
6102
950
7239
3150
4106
8677
3990
3153
4945
1174
7914
1128
5318
864
1654
8634
7373
7267
8975
9886
6126
7757
9720
9027
1236
4126
9943
5648
6788
9180
2389
8345
775
121
2176
5249
7198
6620
8901
9853
5946
2150
1678
5579
5373
9868
1548
6700
9470
2692
2330
9937
176
8983
6920
6833
5769
7124
5208
7212
252
9875
7312
2404
2505
2948
1296
4593
9092
9799
7257
7860
8291
3359
4872
9832
4618
7327
7979
5204
29
9828
7734
8275
8465
7570
1484
9873
3260
1197
6104
2205
7702
5017
7188
7919
7989
4749
4294
418
4250
259
6481
2584
3233
4339
7768
3771
7742
1204
9710
5590
7464
8339
7519
7511
888
8419
1920
5186
2590
3912
7513
9920
9820
7357
6044
9206
9800
8779
6667
91
5643
7090
7672
1057
3796
7216
3201
7415
4346
7926
1917
9974
4673
8687
4349
7583
4292
2594
8363
7721
9456
107
705
7123
7300
2569
7911
1320
4579
3892
2601
9771
6829
7259
9559
7936
3901
6293
9783
414
9885
7905
1495
9846
5544
7332
1609
9814
1729
627
204
5438
1663
6
5951
8266
9987
6797
6509
6271
3108
9865
1352
2459
7134
5157
5745
4716
4813
8343
3199
8068
4634
2252
7726
6113
8822
4595
2932
4187
4711
1187
794
25
3784
72
7440
9290
9949
3038
7572
9596
1603
4966
6992
9280
7929
132
9983
4067
869
2936
6332
394
7337
411
853
7944
8968
8207
2464
7988
1317
779
9866
7109
6596
3026
105
6751
8124
5049
6622
3663
3202
16
9939
9833
8453
1631
9831
2445
7196
3905
710
9876
9852
7587
6054
7223
3069
5218
4612
4499
6879
1355
6421
5087
9841
1805
9203
251
1766
2871
3687
9313
8726
8830
5053
2530
465
3911
9747
2763
6405
370
9881
1695
9318
9936
7610
2550
8137
1724
7150
8829
221
449
7274
1049
8621
623
753
3453
9938
8306
242
9817
8918
1967
4381
9933
7376
1437
5927
8641
7328
7635
3368
9969
1241
8598
4604
6632
447
9648
8673
4999
7122
9813
9213
8930
9475
8295
1706
8067
8350
7691
8388
681
8535
4559
8265
1087
5028
1796
1519
7980
9883
595
9476
9775
9155
9971
2493
517
329
1936
8195
4255
9264
2249
160
1517
9777
9739
7224
7607
7893
1184
7276
4573
6827
5968
2930
4113
8839
4731
9165
8551
3067
6895
1884
9834
9625
9773
1126
6936
4538
6192
4130
6317
7719
3204
4023
90
1044
9151
1561
5240
3138
359
7023
260
3492
5722
1227
7935
8463
7293
7197
364
9422
7288
626
8697
9918
9709
9757
7157
2017
3419
2324
67
825
9100
561
3761
8035
1416
7882
4091
3952
376
1061
5575
4206
8596
1085
875
7285
820
138
8495
935
8506
7277
1996
8190
228
1064
7473
7756
8055
8811
1034
7129
9239
682
4421
5639
8115
5928
9338
6742
696
1775
7233
9679
6533
4167
5903
6295
3441
3454
5126
8300
4221
8094
1615
333
7510
3321
9785
4050
5472
6626
212
7199
164
7235
8896
361
5723
9250
1125
4150
497
6072
1117
152
8391
1348
6663
9038
9824
8705
6029
9716
9670
8531
234
5365
1452
6991
1189
4115
7706
9975
9620
7040
7728
4314
8892
5937
6497
453
1001
2907
1076
1299
1120
1787
7626
7454
2830
9659
332
89
1310
7322
7782
985
8485
3324
5940
1373
9759
3041
4689
404
4614
1505
5199
2810
3973
463
3320
3222
5323
9993
6400
8897
7720
1251
2054
5507
3855
3064
9198
3731
8659
8420
4517
7858
444
2202
7335
9041
276
9568
3880
3143
1016
7677
5898
7222
281
4377
9399
5557
1476
1471
568
5362
2284
8908
7687
6153
6188
6491
8623
2915
1864
2993
2395
4156
5011
3936
9144
720
7329
748
5444
1635
41
1216
3799
588
9658
7131
2699
5040
6314
6074
3190
2872
1151
8303
4204
8767
301
5730
7286
161
2787
7106
9725
5226
2646
9973
9545
3934
6035
616
9761
8986
8835
9025
1073
6356
9758
9928
3030
5129
7441
7151
8327
1283
7305
9675
5845
3681
9604
1473
559
8464
9548
3414
183
9013
938
2816
7206
7866
2686
840
7998
1262
6673
778
8136
8335
3167
4563
2421
9815
4176
3868
117
5035
8008
9968
1634
2070
1860
4229
4343
7918
1270
6234
2115
7821
1968
5816
3354
9784
454
1013
9667
3957
2398
4505
420
9837
5581
1693
9409
974
6724
5930
8850
4903
7954
3172
23
9847
5387
9780
2043
7250
9714
8993
4248
6826
3097
9588
2981
9767
7142
354
8218
953
1357
2964
2939
9392
9148
1291
8662
7429
5580
9829
3351
1211
3377
8650
1240
484
1135
8144
9994
7210
9731
7898
4867
5450
8466
158
4245
6846
9948
3212
5895
846
8441
7747
9912
4163
7194
1316
9300
2675
2394
9848
7226
3565
9905
92
7733
1051
7921
35
5754
2959
5585
5838
2876
7692
581
2755
7174
5572
6186
2257
1802
1600
7663
9365
5361
3706
7099
6246
717
832
197
8709
8681
5773
5140
9455
6052
3570
651
5042
9818
527
792
2474
4362
7606
9819
415
7209
5687
4740
319
9803
2766
1094
7778
8676
9794
8036
9149
7229
9978
1230
7340
5286
580
3132
6823
6078
254
7011
3444
6258
8427
7238
7567
857
428
4734
501
9801
640
6207
9712
9950
9143
4997
493
7308
699
8229
3878
9047
7208
2695
7262
7270
5734
4457
6437
8454
1844
6163
2209
4937
9034
1234
6521
1774
7574
3674
496
8438
7451
3137
3220
2203
2376
4687
9150
9665
8342
575
8569
5798
1625
949
2477
7461
9998
7114
5337
6075
1228
2984
1875
6128
1472
4416
6011
8919
2169
3422
5098
1244
4458
5925
6883
8245
407
7592
331
1201
6233
7765
9811
5942
2911
9932
9590
1969
3750
8093
7950
7138
7580
9442
5056
9262
4121
8162
9996
1267
6727
4192
7761
576
20
5014
2580
3451
9793
6021
4815
7801
899
7342
5879
6661
9980
4001
9892
508
4138
1906
1025
8750
1888
4326
2302
6854
7118
905
2112
222
9839
5332
7458
3486
9531
2412
4652
7819
459
5626
9830
9880
2953
5864
9804
6393
4398
8521
3999
262
5896
822
8738
9390
5576
8026
8079
9849
1152
7170
2126
784
1515
1411
1219
9734
3189
9910
9059
886
3248
9162
5372
4048
423
8742
431
9906
4707
4141
7230
391
5889
9769
747
7674
7718
345
4730
8715
8112
9851
1852
6284
8937
9433
1273
5038
7841
6783
2973
7119
8151
5491
6268
7814
4014
5558
5256
6351
2542
1114
10000
8497
798
9737
6690
7447
1369
3891
7925
1146
2836
5790
350
7115
2437
2575
7369
3947
306
3059
2894
9231
3599
7289
194
379
6308
8359
8728
9177
3029
5600
8804
9298
5232
9446
2598
295
5911
901
8177
4562
149
6828
7507
7187
2975
8931
7294
6123
9923
8611
7182
5009
7116
4688
1945
8802
6282
6873
8731
274
2234
9491
9991
8808
7811
9081
1052
6679
3197
7520
7237
5467
34
7559
9925
8976
6244
8098
196
9447
3869
7654
5024
7279
9736
426
3455
7869
9741
8902
3649
714
5717
9547
9152
2165
929
3542
7924
4924
8467
7807
8370
1579
2923
2700
6032
7368
1601
9661
1164
620
9017
1886
7228
5545
5674
7549
87
7903
9681
2561
3839
5887
7063
2612
712
6212
9690
3091
1330
9884
9578
6287
6440
5872
8249
5950
5369
3995
6257
4313
8254
7247
9790
1439
4452
4053
1538
4765
9035
6705
8120
473
4751
1224
519
9826
1395
593
9
5934
5764
5690
6585
5931
1530
8015
3191
7154
9743
675
3046
629
2001
8238
2502
734
1953
37
2435
7136
1503
9904
5441
4031
5631
4644
6232
3616
9779
7608
9854
7730
4495
3574
4662
3601
244
841
7338
5550
4096
8443
39
5548
6124
7879
2177
7875
3853
8805
6878
7218
3297
9238
7777
5666
9931
6099
9791
6346
7062
6600
3057
5525
2996
7046
1582
2388
2181
7135
3960
4289
9585
4390
5959
5698
6334
5266
8984
785
487
7600
8401
2200
4588
9668
5457
1115
6138
6338
9896
3856
3732
3702
6653
7311
7615
5418
1604
4402
4448
3628
5514
4431
5306
6489
4767
8791
1869
5542
5423
1589
4754
4649
3501
7094
3690
2480
266
4363
7601
3213
4478
2869
836
1304
7625
4666
8665
3044
1716
8698
2499
5354
6165
5634
9611
812
7439
8688
9745
5912
6013
3683
5415
4047
9964
3686
3435
2910
2934
5559
2847
3657
4526
1636
9765
7436
7664
6270
6737
4183
5071
1363
4214
3352
7086
2551
2618
3793
9640
2491
1295
4480
3837
5055
5794
5311
854
2313
111
2982
927
5596
1981
4777
976
964
5413
1090
2649
4076
6185
5517
5155
5182
7847
307
5944
6546
9628
759
9797
6576
6756
6058
2520
6438
570
9135
7960
4834
7105
5473
6531
4855
6285
2456
1801
4743
3316
6364
1375
6957
6160
2370
2844
2409
530
711
1804
2479
5174
5267
4212
1641
6143
2537
1004
4738
2739
9208
4736
2694
4
9699
6676
4991
5383
4873
4849
4821
292
9452
5394
4615
1129
5012
3073
3948
939
2213
4045
6712
7884
4965
6778
4676
4788
3123
5
1023
9210
512
7010
3002
1156
7846
9587
451
2862
5026
5552
2387
2794
3634
6328
2818
4861
3908
8217
6431
754
3779
3830
8257
1753
2991
635
4110
1415
4895
3717
4516
903
6063
4609
5215
5806
6342
1398
3617
683
814
5665
7425
5702
737
7281
1470
1681
9551
5339
5177
6118
6701
7268
6565
1493
3647
8313
6050
9959
7190
146
2652
5726
4087
7864
1058
5861
3215
355
1687
4485
567
1658
3766
7181
4564
7620
4762
4683
9403
7171
4984
1426
6424
5616
5624
1419
2462
1382
5170
8194
6416
6100
33
1680
4927
9539
5149
3481
4704
2784
3457
9940
5188
3852
4291
8050
5348
3009
6580
2242
2913
5456
5988
2151
8706
2831
3841
4894
2564
8498
2789
2364
3205
4111
4874
2279
4596
8364
7526
5735
2468
2280
2969
9770
5967
751
5067
9654
5748
4986
3263
7302
3723
3047
9467
9241
7701
327
408
6451
8123
5647
920
4344
1772
58
8588
6610
4878
8909
6567
6623
1800
5217
4414
5073
9557
4409
8670
9401
1855
8191
2237
3939
5167
6890
4770
2914
3103
9632
9603
8089
4934
8843
7242
2327
8982
3133
3054
6410
6994
9614
4714
5494
4054
6512
6226
5375
6224
4284
768
3039
9653
4094
5238
6413
4471
6414
5530
1294
5475
5185
3827
6644
5633
6373
916
7411
2282
817
5789
1347
3066
4975
2880
726
6404
6772
5985
5742
3982
1514
7623
5969
5378
2803
4205
3020
4780
5984
7030
3227
4527
4996
2820
2222
7162
237
6925
4701
7269
8760
513
4372
7996
4918
6616
5583
1258
2100
1371
8121
2036
6592
6455
6928
8239
334
8189
7315
1819
8995
6711
2705
8529
2002
5669
5823
7158
3756
5659
6808
7603
4173